
Npart = 1;
% Sun, Mercury, Venus, Earth, Mars, Jupiter, Saturn, Uranus, Neptune

% Mass of the Sun in kg
m =1.9885e30; 


% Initial position of Mercury
%r0 = [-2.212073002393702E+10, -6.682435921338345E+10, -3.461577076477692E+09];

%Distance between Sun and Mercury
r0 = [2.1052621072E+10, 6.6406638123E+10, 3.492445947E+09];

% Initial velocity of Mercury 
%v0 = [3.666229234452722E+04, -1.230266984222893E+04, -4.368336206255391E+03];

%Relative velocity between Sun and Mercury
v0 = [-3.6652987E+04, 1.2289838E+04, 4.368173E+03];