U=[ 
0 0 0 1.01596 0 0 0 0.978783 0 0 0 0 
0 9.78783 7.95642e-06 -47.1586 0 0 7.19458e-11 0.978348 7.95296e-07 -4.81535 0 0 
1.43892e-09 19.567 1.59059e-05 -95.2911 0 0 1.61347e-10 0.977807 7.94864e-07 -4.81274 0 0 
3.22695e-09 29.344 2.38537e-05 -143.413 0 0 1.86486e-10 0.977654 7.94742e-07 -4.812 0 0 
5.16863e-09 39.12 3.18007e-05 -191.531 0 0 1.98469e-10 0.977582 7.94683e-07 -4.81164 0 0 
7.19632e-09 48.8956 3.97474e-05 -239.646 0 0 2.05514e-10 0.977539 7.94649e-07 -4.81143 0 0 
9.27891e-09 58.6708 4.76937e-05 -287.76 0 0 2.10161e-10 0.977511 7.94626e-07 -4.8113 0 0 
1.13995e-08 68.4458 5.56399e-05 -335.872 0 0 2.13459e-10 0.977491 7.9461e-07 -4.8112 0 0 
1.35481e-08 78.2206 6.35859e-05 -383.984 0 0 2.15922e-10 0.977476 7.94597e-07 -4.81112 0 0 
1.5718e-08 87.9953 7.15318e-05 -432.095 0 0 2.17832e-10 0.977465 7.94588e-07 -4.81107 0 0 
];
t=[ 
0
10
20
30
40
50
60
70
80
90
];
