U=[ 
0 0 0 1.01596 0 0 0 0 0 0 0.978783 0 
7.95643e-10 0 0 1.01115 0.0978783 0 1.58773e-08 7.66731e-10 0 -0.0961335 0.974141 0 
3.17545e-09 1.53346e-10 0 0.996738 0.194828 0 3.16123e-08 3.06088e-09 0 -0.191406 0.96025 0 
7.11811e-09 6.12176e-10 0 0.972866 0.289928 0 4.70639e-08 6.86432e-09 0 -0.284962 0.937221 0 
1.25882e-08 1.52621e-09 0 0.939746 0.382272 0 6.20921e-08 1.21469e-08 0 -0.375955 0.905237 0 
1.95365e-08 3.04155e-09 0 0.897675 0.470976 0 7.65599e-08 1.88663e-08 0 -0.463554 0.864552 0 
2.79002e-08 5.29947e-09 0 0.847035 0.555183 0 9.03331e-08 2.69684e-08 0 -0.546949 0.815496 0 
3.76032e-08 8.43522e-09 0 0.788285 0.634075 0 1.03282e-07 3.6387e-08 0 -0.625353 0.758468 0 
4.85567e-08 1.25769e-08 0 0.721964 0.706876 0 1.15283e-07 4.70442e-08 0 -0.698014 0.69394 0 
6.06597e-08 1.78441e-08 0 0.648683 0.772863 0 1.26217e-07 5.88506e-08 0 -0.764215 0.622455 0 
7.38e-08 2.4347e-08 0 0.569121 0.831367 0 1.35973e-07 7.17053e-08 0 -0.823286 0.544623 0 
8.78543e-08 3.21851e-08 0 0.484025 0.881787 0 1.44448e-07 8.54965e-08 0 -0.874605 0.46112 0 
1.0269e-07 4.14463e-08 0 0.3942 0.923591 0 1.51551e-07 1.00102e-07 0 -0.917609 0.372688 0 
1.18164e-07 5.22055e-08 0 0.300504 0.956325 0 1.57198e-07 1.15389e-07 0 -0.9518 0.280127 0 
1.34129e-07 6.45241e-08 0 0.20384 0.979617 0 1.61319e-07 1.31217e-07 0 -0.976752 0.184294 0 
1.50428e-07 7.84488e-08 0 0.105153 0.993184 0 1.63857e-07 1.47435e-07 0 -0.992119 0.0860966 0 
1.66901e-07 9.4011e-08 0 0.00541644 0.996836 0 1.64768e-07 1.63887e-07 0 -0.997639 -0.0135164 0 
1.83382e-07 1.11226e-07 0 -0.0943747 0.990481 0 1.64026e-07 1.80409e-07 0 -0.993147 -0.113558 0 
1.99706e-07 1.30093e-07 0 -0.193213 0.974124 0 1.6162e-07 1.96836e-07 0 -0.978573 -0.213016 0 
2.15706e-07 1.50593e-07 0 -0.290089 0.947877 0 1.57554e-07 2.12995e-07 0 -0.953955 -0.31086 0 
2.31217e-07 1.72692e-07 0 -0.384004 0.911953 0 1.51853e-07 2.28718e-07 0 -0.919437 -0.406054 0 
2.46076e-07 1.96337e-07 0 -0.473977 0.866667 0 1.44559e-07 2.43832e-07 0 -0.875276 -0.49757 0 
2.60128e-07 2.21458e-07 0 -0.559059 0.812439 0 1.35734e-07 2.58172e-07 0 -0.821842 -0.584398 0 
2.73223e-07 2.47971e-07 0 -0.638345 0.749787 0 1.25457e-07 2.71577e-07 0 -0.759618 -0.665561 0 
2.8522e-07 2.75774e-07 0 -0.710983 0.679326 0 1.13826e-07 2.83893e-07 0 -0.689195 -0.740132 0 
2.95988e-07 3.0475e-07 0 -0.776184 0.601761 0 1.00957e-07 2.94977e-07 0 -0.611274 -0.807242 0 
3.05411e-07 3.34769e-07 0 -0.833238 0.517878 0 8.69813e-08 3.04698e-07 0 -0.526654 -0.8661 0 
3.13385e-07 3.6569e-07 0 -0.881515 0.428541 0 7.20464e-08 3.1294e-07 0 -0.436226 -0.916001 0 
3.19821e-07 3.97357e-07 0 -0.920483 0.334678 0 5.63127e-08 3.19602e-07 0 -0.340962 -0.956343 0 
3.24647e-07 4.2961e-07 0 -0.949707 0.237272 0 3.99523e-08 3.24605e-07 0 -0.241903 -0.986633 0 
3.27811e-07 4.62278e-07 0 -0.968863 0.137351 0 2.31459e-08 3.27886e-07 0 -0.140144 -1.0065 0 
3.29276e-07 4.95187e-07 0 -0.977736 0.0359722 0 6.08099e-09 3.29405e-07 0 -0.0368191 -1.0157 0 
3.29027e-07 5.28159e-07 0 -0.976227 -0.0657885 0 -1.10513e-08 3.29144e-07 0 0.0669135 -1.01412 0 
3.27066e-07 5.61016e-07 0 -0.964353 -0.166851 0 -2.8059e-08 3.27105e-07 0 0.169891 -1.00177 0 
3.23415e-07 5.9358e-07 0 -0.942249 -0.266143 0 -4.47517e-08 3.23315e-07 0 0.270962 -0.978822 0 
3.18116e-07 6.25679e-07 0 -0.910161 -0.362615 0 -6.09438e-08 3.1782e-07 0 0.369002 -0.94555 0 
3.11227e-07 6.57144e-07 0 -0.868448 -0.455253 0 -7.64572e-08 3.10687e-07 0 0.462933 -0.902365 0 
3.02824e-07 6.87816e-07 0 -0.817574 -0.543088 0 -9.11233e-08 3.02005e-07 0 0.551733 -0.849793 0 
2.93002e-07 7.17545e-07 0 -0.758102 -0.625212 0 -1.04786e-07 2.91877e-07 0 0.634456 -0.788469 0 
2.81867e-07 7.46192e-07 0 -0.690683 -0.700782 0 -1.17302e-07 2.80424e-07 0 0.710237 -0.719124 0 
2.69542e-07 7.7363e-07 0 -0.616054 -0.769036 0 -1.28544e-07 2.67781e-07 0 0.77831 -0.642574 0 
2.56158e-07 7.99748e-07 0 -0.535021 -0.829297 0 -1.38404e-07 2.54094e-07 0 0.838005 -0.559704 0 
2.41861e-07 8.24449e-07 0 -0.448453 -0.880977 0 -1.46787e-07 2.39519e-07 0 0.888765 -0.471457 0 
2.26801e-07 8.47652e-07 0 -0.357268 -0.923588 0 -1.53621e-07 2.2422e-07 0 0.930142 -0.37882 0 
2.11137e-07 8.69293e-07 0 -0.262425 -0.956741 0 -1.58849e-07 2.08362e-07 0 0.961799 -0.282806 0 
1.95031e-07 8.89324e-07 0 -0.164908 -0.98015 0 -1.62436e-07 1.92117e-07 0 0.983515 -0.184447 0 
1.7865e-07 9.07716e-07 0 -0.0657218 -0.993631 0 -1.64362e-07 1.75655e-07 0 0.995176 -0.0847744 0 
1.62159e-07 9.24455e-07 0 0.0341267 -0.997104 0 -1.64626e-07 1.59146e-07 0 0.996777 0.0151878 0 
1.45724e-07 9.39545e-07 0 0.133634 -0.990593 0 -1.63245e-07 1.42754e-07 0 0.988414 0.114435 0 
1.2951e-07 9.53006e-07 0 0.23181 -0.974217 0 -1.6025e-07 1.26642e-07 0 0.970283 0.211994 0 
1.13674e-07 9.64874e-07 0 0.32769 -0.948194 0 -1.55689e-07 1.10963e-07 0 0.942667 0.306928 0 
9.8372e-08 9.75199e-07 0 0.420343 -0.912832 0 -1.49623e-07 9.58642e-08 0 0.905936 0.398346 0 
8.37498e-08 9.84046e-07 0 0.508877 -0.868525 0 -1.42125e-07 8.14852e-08 0 0.860535 0.485407 0 
6.9947e-08 9.91496e-07 0 0.59245 -0.81575 0 -1.33279e-07 6.79549e-08 0 0.80698 0.567331 0 
5.70939e-08 9.97637e-07 0 0.670273 -0.755059 0 -1.23183e-07 5.53926e-08 0 0.745849 0.643393 0 
4.53104e-08 1.00257e-06 0 0.74162 -0.687072 0 -1.1194e-07 4.39068e-08 0 0.677777 0.712937 0 
3.47058e-08 1.00642e-06 0 0.805828 -0.612472 0 -9.9664e-08 3.35953e-08 0 0.603445 0.775371 0 
2.53776e-08 1.00929e-06 0 0.862309 -0.531997 0 -8.64737e-08 2.45442e-08 0 0.52358 0.830173 0 
1.74111e-08 1.01133e-06 0 0.910545 -0.446437 0 -7.24952e-08 1.68283e-08 0 0.438943 0.876891 0 
1.08786e-08 1.01266e-06 0 0.950097 -0.356619 0 -5.78591e-08 1.05105e-08 0 0.350325 0.915145 0 
5.83922e-09 1.01343e-06 0 0.98061 -0.263408 0 -4.27004e-08 5.64172e-09 0 0.258542 0.944624 0 
2.33849e-09 1.01379e-06 0 1.00181 -0.167694 0 -2.71567e-08 2.2611e-09 0 0.164428 0.965093 0 
4.07883e-10 1.01388e-06 0 1.0135 -0.0703893 0 -1.13683e-08 3.95651e-10 0 0.0688328 0.976388 0 
6.48267e-11 1.01387e-06 0 1.01557 0.0275833 0 4.52321e-09 6.03689e-11 0 -0.0273871 0.978418 0 
1.31253e-09 1.01389e-06 0 1.00802 0.125294 0 2.03756e-08 1.25816e-09 0 -0.12337 0.971166 0 
4.13995e-09 1.01412e-06 0 0.990898 0.221816 0 3.60468e-08 3.97985e-09 0 -0.218256 0.954686 0 
8.52189e-09 1.01469e-06 0 0.964367 0.316232 0 5.13957e-08 8.20415e-09 0 -0.31119 0.929109 0 
1.44191e-08 1.01576e-06 0 0.92866 0.407638 0 6.6283e-08 1.38977e-08 0 -0.40133 0.894636 0 
2.17785e-08 1.01747e-06 0 0.884101 0.495159 0 8.05722e-08 2.10151e-08 0 -0.487848 0.851541 0 
3.05335e-08 1.01996e-06 0 0.831091 0.577946 0 9.413e-08 2.94989e-08 0 -0.569938 0.800173 0 
4.06045e-08 1.02337e-06 0 0.770113 0.655193 0 1.06828e-07 3.92798e-08 0 -0.646822 0.740952 0 
5.18991e-08 1.02782e-06 0 0.701726 0.726137 0 1.18543e-07 5.02766e-08 0 -0.717754 0.674369 0 
6.43131e-08 1.03342e-06 0 0.626562 0.790067 0 1.29159e-07 6.23965e-08 0 -0.782029 0.600986 0 
7.77309e-08 1.0403e-06 0 0.545321 0.846334 0 1.38566e-07 7.55354e-08 0 -0.838987 0.521432 0 
9.20262e-08 1.04853e-06 0 0.458765 0.894354 0 1.46664e-07 8.95785e-08 0 -0.88802 0.436404 0 
1.07064e-07 1.05821e-06 0 0.367717 0.933615 0 1.53363e-07 1.044e-07 0 -0.928581 0.346662 0 
1.22699e-07 1.06941e-06 0 0.273049 0.963686 0 1.58584e-07 1.19865e-07 0 -0.960191 0.253024 0 
1.3878e-07 1.08219e-06 0 0.175678 0.98422 0 1.62259e-07 1.3583e-07 0 -0.982444 0.156364 0 
1.55151e-07 1.09658e-06 0 0.0765599 0.994959 0 1.64335e-07 1.52141e-07 0 -0.995017 0.0576029 0 
1.71647e-07 1.11261e-06 0 -0.0233249 0.99574 0 1.64774e-07 1.6864e-07 0 -0.997674 -0.0422948 0 
1.88105e-07 1.13031e-06 0 -0.122975 0.9865 0 1.63552e-07 1.85162e-07 0 -0.990276 -0.142332 0 
2.04358e-07 1.14965e-06 0 -0.22138 0.967274 0 1.60664e-07 2.01538e-07 0 -0.972785 -0.241488 0 
2.20238e-07 1.17061e-06 0 -0.317532 0.938202 0 1.56119e-07 2.17598e-07 0 -0.945269 -0.338727 0 
2.35582e-07 1.19317e-06 0 -0.410434 0.899529 0 1.49948e-07 2.3317e-07 0 -0.907906 -0.433012 0 
2.50228e-07 1.21725e-06 0 -0.499113 0.8516 0 1.42199e-07 2.48084e-07 0 -0.860987 -0.523316 0 
