U=[ 
1 0 
0.9676 -0.54 
0.90385 -1.0625 
0.810815 -1.55058 
0.691509 -1.98842 
0.549799 -2.36184 
0.390275 -2.65873 
0.218107 -2.86948 
0.0388713 -2.98726 
-0.141623 -3.00825 
-0.31753 -2.93177 
-0.483148 -2.7603 
-0.633112 -2.4994 
-0.762563 -2.15752 
-0.867308 -1.74574 
-0.943951 -1.27739 
-0.990011 -0.767659 
-1.00399 -0.233053 
-0.985448 0.309104 
-0.934973 0.841246 
-0.854205 1.34613 
-0.745761 1.8074 
-0.613154 2.21011 
-0.460681 2.54122 
-0.293282 2.78998 
-0.116381 2.94836 
0.0642912 3.0112 
0.24288 2.97649 
0.4136 2.84533 
0.570919 2.62199 
0.709741 2.31369 
0.825566 1.93043 
0.914644 1.48462 
0.974087 0.990716 
1.00197 0.464709 
0.997388 -0.0763542 
0.960491 -0.614944 
0.892475 -1.13361 
0.795542 -1.61555 
0.672834 -2.04514 
0.528326 -2.40847 
0.3667 -2.69376 
0.193193 -2.89178 
0.0134265 -2.99611 
-0.166775 -3.00336 
-0.341573 -2.9133 
-0.505304 -2.72885 
-0.652663 -2.45599 
-0.778876 -2.10355 
-0.879853 -1.68295 
-0.952323 -1.20783 
-0.993938 -0.693579 
-1.00335 -0.156853 
-0.980252 0.384956 
-0.925394 0.914291 
-0.840554 1.414 
-0.72848 1.8679 
-0.592803 2.26128 
-0.437919 2.5814 
-0.268847 2.81787 
-0.0910637 2.96305 
0.0896697 3.01222 
0.267498 2.9638 
0.436659 2.81935 
0.591672 2.58356 
0.727516 2.26405 
0.839787 1.8712 
0.92485 1.41771 
0.979948 0.918291 
1.00329 0.38912 
0.994135 -0.152659 
0.952766 -0.689492 
0.880526 -1.20399 
0.779758 -1.67947 
0.653726 -2.10054 
0.506513 -2.45355 
0.342889 -2.72707 
0.168155 -2.91223 
-0.0120269 -3.00303 
-0.191819 -2.99654 
-0.365397 -2.89296 
-0.527135 -2.69564 
-0.671794 -2.41099 
-0.794687 -2.04822 
-0.891833 -1.61909 
-0.960083 -1.1375 
-0.997226 -0.619054 
-1.00206 -0.0805518 
-0.974425 0.46056 
-0.91522 0.98675 
-0.826362 1.48097 
-0.71073 1.9272 
-0.57207 2.311 
-0.414875 2.61992 
-0.244238 2.84395 
-0.0656879 2.97584 
0.114991 3.01131 
0.291943 2.94921 
0.459437 2.79156 
0.612045 2.54347 
];
t=[ 
0
0.06
0.12
0.18
0.24
0.3
0.36
0.42
0.48
0.54
0.6
0.66
0.72
0.78
0.84
0.9
0.96
1.02
1.08
1.14
1.2
1.26
1.32
1.38
1.44
1.5
1.56
1.62
1.68
1.74
1.8
1.86
1.92
1.98
2.04
2.1
2.16
2.22
2.28
2.34
2.4
2.46
2.52
2.58
2.64
2.7
2.76
2.82
2.88
2.94
3
3.06
3.12
3.18
3.24
3.3
3.36
3.42
3.48
3.54
3.6
3.66
3.72
3.78
3.84
3.9
3.96
4.02
4.08
4.14
4.2
4.26
4.32
4.38
4.44
4.5
4.56
4.62
4.68
4.74
4.8
4.86
4.92
4.98
5.04
5.1
5.16
5.22
5.28
5.34
5.4
5.46
5.52
5.58
5.64
5.7
5.76
5.82
5.88
5.94
];
