U=[ 
1 0 
0.9838 -0.535626 
0.935725 -1.0539 
0.857332 -1.53802 
0.751162 -1.97232 
0.620654 -2.34271 
0.470037 -2.63719 
0.304191 -2.84624 
0.128489 -2.96306 
-0.0513761 -2.98388 
-0.229577 -2.90802 
-0.400339 -2.73795 
-0.55813 -2.47916 
-0.697838 -2.14005 
-0.814936 -1.7316 
-0.90563 -1.26705 
-0.966981 -0.761441 
-0.997003 -0.231165 
-0.994721 0.3066 
-0.960211 0.834431 
-0.894589 1.33523 
-0.799983 1.79276 
-0.679458 2.19221 
-0.536918 2.52063 
-0.376982 2.76739 
-0.204832 2.92448 
-0.0260449 2.98681 
0.153586 2.95238 
0.32824 2.82228 
0.49226 2.60075 
0.64033 2.29495 
0.767653 1.91479 
0.870105 1.4726 
0.944365 0.982691 
0.988028 0.460945 
0.999679 -0.0757358 
0.97894 -0.609963 
0.926483 -1.12443 
0.844009 -1.60246 
0.734188 -2.02857 
0.60058 -2.38896 
0.447513 -2.67195 
0.279946 -2.86836 
0.10331 -2.97184 
-0.0766742 -2.97903 
-0.254174 -2.8897 
-0.423438 -2.70675 
-0.578983 -2.43609 
-0.715769 -2.08651 
-0.829364 -1.66932 
-0.916088 -1.19805 
-0.97313 -0.687961 
-0.998643 -0.155582 
-0.9918 0.381837 
-0.952823 0.906886 
-0.882974 1.40255 
-0.784517 1.85277 
-0.660641 2.24297 
-0.515361 2.56049 
-0.353383 2.79505 
-0.179955 2.93905 
-0.000696996 2.98782 
0.178584 2.9398 
0.352078 2.79652 
0.514166 2.56263 
0.659594 2.24572 
0.783652 1.85604 
0.882319 1.40623 
0.952399 0.910853 
0.991621 0.385968 
0.998715 -0.151423 
0.97345 -0.683908 
0.916646 -1.19423 
0.830142 -1.66587 
0.716742 -2.08353 
0.580119 -2.43368 
0.424701 -2.70498 
0.255522 -2.88864 
0.078064 -2.97871 
-0.101923 -2.97227 
-0.278608 -2.86952 
-0.446266 -2.67381 
-0.599465 -2.39146 
-0.733241 -2.03163 
-0.84326 -1.60597 
-0.925958 -1.12828 
-0.978654 -0.614039 
-0.999642 -0.0798994 
-0.988242 0.456829 
-0.944823 0.978757 
-0.870791 1.46897 
-0.768546 1.91159 
-0.6414 2.29228 
-0.493473 2.59869 
-0.329557 2.82091 
-0.154963 2.95173 
0.0246514 2.98692 
0.203467 2.92533 
0.37569 2.76895 
0.535741 2.52287 
];
t=[ 
0
0.06
0.12
0.18
0.24
0.3
0.36
0.42
0.48
0.54
0.6
0.66
0.72
0.78
0.84
0.9
0.96
1.02
1.08
1.14
1.2
1.26
1.32
1.38
1.44
1.5
1.56
1.62
1.68
1.74
1.8
1.86
1.92
1.98
2.04
2.1
2.16
2.22
2.28
2.34
2.4
2.46
2.52
2.58
2.64
2.7
2.76
2.82
2.88
2.94
3
3.06
3.12
3.18
3.24
3.3
3.36
3.42
3.48
3.54
3.6
3.66
3.72
3.78
3.84
3.9
3.96
4.02
4.08
4.14
4.2
4.26
4.32
4.38
4.44
4.5
4.56
4.62
4.68
4.74
4.8
4.86
4.92
4.98
5.04
5.1
5.16
5.22
5.28
5.34
5.4
5.46
5.52
5.58
5.64
5.7
5.76
5.82
5.88
5.94
];
