U=[ 
1 
0.9 
0.81 
0.729 
0.6561 
0.59049 
0.531441 
0.478297 
0.430467 
0.38742 
];
t=[ 
0
0.1
0.2
0.3
0.4
0.5
0.6
0.7
0.8
0.9
];
